16.02	14.91	64.95	34.66	5.26
15.78	14.36	67.23	34.71	5.17
15.48	14.23	66.7	36.15	5.36
14.96	13.59	66.7	35.25	5.04
15.08	13.45	64.8	34.96	4.98
14.77	13.12	65.1	33.53	4.85
14.68	13.07	64.97	32.17	4.85
14.81	13.1	64.56	32.66	4.77
15.35	13.77	65	33.37	4.97
15.37	13.52	66.02	32.91	5.03
13.83	12.17	62.7	29.62	4.54
13.83	12.35	63.9	26.69	4.62
14.42	13.05	65.1	28.75	4.8
14.3	13.58	65.39	28.43	4.81
14.4	13.92	64.65	29.21	4.79
14.34	13.7	66.56	28.62	4.82
13.99	13.18	65.93	28.05	4.72
14.06	13	64.29	28.87	4.63
13.9	13.01	62.9	28.18	4.55
13.93	13.12	62.94	27.86	4.52
13.63	12.88	62.15	26.92	4.44
13.95	12.96	63.2	28.4	4.53
13.71	12.8	62.12	28.03	4.53
13.79	12.7	61.07	28.08	4.54
13.51	12.16	60.02	28.31	4.35
13.52	12.18	60.4	29.41	4.38
13.77	12.42	60.68	29.54	4.41
13.73	12.41	61.29	29.32	4.54
13.86	12.47	61.22	29	4.92
13.95	12.76	61.74	29.13	4.85
13.92	12.64	62	28.97	5.34
13.99	12.77	62.68	29.18	5.54
13.8	12.4	61.38	28.74	5.29
14.07	12.85	61.94	29.93	5.35
13.99	12.75	62.28	29.53	5.65
14.03	12.77	62.57	29.87	5.59
13.6	12.2	62.88	28.62	5.36
13.57	12.22	64.38	28.37	5.4
13.38	11.9	63.59	28.28	5.29
13.44	11.94	62.07	28.11	5.21
14.15	12.22	62.35	27.66	5.27
13.77	12.02	63.81	27.53	5.18
13.86	11.93	63.17	27.47	5.16
14.6	12.22	63.38	28.2	5.26
14.99	12.23	62.87	28.23	5.24
15.41	12.49	64.38	28.77	5.34
15.4	12.63	64	29.6	5.44
15.51	13.14	65.4	29.98	5.53
15.19	12.87	64.93	29.69	5.64
15.32	13.14	65.35	32.35	5.56
15.43	13.36	66.1	33.32	5.61
15.35	13.05	68.15	32.45	5.49
14.91	12.78	67.48	32.37	5.35
15.11	12.95	66.36	32.02	5.45
15.08	13.35	66.5	32.12	5.39
15.66	14.24	67.28	32.91	5.61
15.75	13.82	66.65	32.82	5.47
15.96	13.72	68	33.94	6.02
15.8	13.59	68.13	33.44	5.96
15.85	13.45	68.05	34.22	5.95
16.81	13.72	70.03	34.63	6.13
17.92	13.82	69.11	36.08	6.18
18	14.64	67.9	35.77	6.02
19.8	14.32	69.15	35.84	6.11
16.54	14.37	70.02	35.38	6.28
16.3	14.12	72.6	35.19	6.17
16.65	13.9	69.3	34.1	6.15
17	14.3	72	35.01	6.63
16.93	14.67	71.6	35.14	7.07
16.3	14.21	70.04	33.63	7.78
16.56	14.48	72.51	35.08	8
16.95	14.88	74.9	37.82	7.99
16.66	14.76	73.63	36.84	8.79
16.14	14.42	72.08	35.4	9.08
16.42	14.7	72.6	35.75	9.99
16.7	14.19	69.99	35.51	10.54
16.65	14.24	70.5	35.58	9.96
16.7	14.6	69.48	34.36	9.52
16.52	14.55	68.3	33.75	9.94
15.86	13.77	67.96	33.07	8.95
15.72	13.56	68.29	33.28	9
15.67	13.61	66.87	33.16	8.55
15.85	13.8	68.14	33.32	8.7
16.03	14.07	69.82	33.96	8.94
15.96	13.92	69.85	34.4	9.22
15.88	14.7	69.26	33.37	8.8
15.89	14.59	68.14	33.09	8.86
15.45	14.16	68.42	31.98	8.52
15.18	13.84	67.82	30.98	8.23
15.59	14.16	69.39	33.01	8.5
15.74	14.05	69.52	32.41	8.46
15.79	14.15	71.31	32.31	8.66
16.27	14.49	71.46	33.12	9.02
16.6	15.02	73.16	34.24	9.25
16.62	15.77	73.82	34.39	9.14
16.48	15.4	73.8	33.93	8.89
15.5	14.35	71.35	30.73	8.98
15.32	14.35	74.98	30.37	8.58
15.9	14.88	78.01	32.51	8.85
15.77	14.8	77.08	32.02	9.15
15.83	15.05	76.82	31.69	9.06
16.37	14.99	75.74	32.21	8.96
16.3	15.57	74.89	31.89	9.21
17.29	16.08	75.67	33.48	10.13
16.98	15.66	73.82	33.2	10.29
16.68	15.52	74.03	32.68	9.93
16.48	15.32	75.05	32.08	9.72
16.51	15.48	76.01	31.99	9.75
15.92	14.95	83.61	31.15	9.27
15.64	14.38	84.17	31.24	8.54
15.73	14.58	83.78	31.32	8.86
15.38	14.18	82.1	29.9	8.45
14.63	13.55	80.3	28.34	7.66
14.95	14.27	88.29	29.29	7.78
15.12	14.38	88.7	29.04	8.21
14.87	14.2	86.39	28.65	7.8
13.77	13.43	80.31	26.03	7.02
13.56	13.69	79.73	24.6	6.66
14.54	14.52	86.27	26.91	7.33
13.92	14.25	80.99	25.39	7.21
13.75	14.21	75.5	25.5	7.12
13.07	13.7	75	24.97	6.77
13.88	14.88	76	26.67	7.22
14.65	14.54	71.32	26.03	7.21
13.19	13.26	64.2	23.43	6.55
14.26	14.55	70.62	25.77	7.21
14.86	14.97	76.78	27.72	7.85
14.44	15.1	76.99	27.41	7.81
13.87	14.55	74.5	25.64	7.29
13.58	14.71	70.6	24.71	6.92
13.6	14.7	71.96	24.48	6.92
13.82	15.07	74.42	25.38	7.21
13.6	15.35	74.3	24.55	7.11
13.57	14.51	75	24.45	7.14
13.52	14.7	73.15	24.01	7
13.67	15.16	74.6	24.54	7.41
13.38	15.41	77.15	23.9	7.16
12.44	14.2	70.6	21.51	6.44
12.62	14.62	73	22.18	6.08
12.6	14.6	73.8	21.97	6.42
12.26	14.08	72.19	20.88	6.17
12.36	14.18	73.57	20.79	6.19
12.82	14.61	75.18	20.45	6.27
12.86	14.79	75.95	21.02	6.44
12.59	14.45	75.1	20.3	6.26
12.53	14.34	74.31	19.85	6.15
12.61	14.6	75.02	20.28	6.28
12.92	15.07	76.59	22.31	6.91
12.84	15.57	76.99	22.11	7.03
12.57	14.93	75.3	21.98	7.18
12.57	14.88	75.42	22.16	7.19
12.64	14.95	74.79	22.43	7.42
12.54	14.76	74.84	21.98	7.43
12.27	14.22	71.15	20.32	6.7
12.23	14.5	72.73	20.61	7.37
12.05	14.28	71.28	19.75	7.68
11.5	13.91	69.39	18.2	7.35
10.35	13.19	62.45	16.38	6.62
9.46	13	59.36	14.74	5.96
9.91	13.25	62.09	14.37	5.58
10.8	13.18	64.9	15.38	5.94
10.83	13.58	67.25	15.86	6.44
11.07	13.8	69.37	15.07	6.55
11.57	14.23	71.55	15.19	6.5
11.84	14.22	71.38	14.87	6.35
10.89	13.6	66.9	14.76	6.17
11	13.68	68.5	15.24	6.19
11.1	13.76	70.68	15.68	6.37
11.05	13.54	69.09	15.15	6.26
10.96	13.47	68.39	15.02	6.21
10.87	13.19	68.19	13.91	6.28
10.57	13.02	65.33	13.52	6.03
10.9	13.43	69	14.43	6.33
10.77	13.1	67	13.83	6.18
10.81	13.12	66.1	13.78	6.19
10.82	13.18	66.99	13.94	6.25
10.96	13.26	68.01	14.22	6.3
10.7	13.15	67.3	13.64	6.08
10.71	13.09	66.65	13.77	6.1
10.55	12.9	65.5	13.3	6.3
10.53	12.85	65.2	13.46	6.14
10.38	12.6	63.45	13.34	6.01
10.49	12.73	64	13.58	6.01
10.7	13.07	66.02	14.26	6.14
10.9	13.23	65.93	14.49	6.14
11.23	13.48	68.48	15.35	6.39
11.13	13.47	68.4	15.26	6.34
10.98	13.28	67.7	15.26	6.33
11.17	13.52	68.5	15.72	6.68
11.23	13.65	68.41	15.89	6.83
11.26	13.53	67.1	16.13	6.66
11.32	13.55	67.79	16.02	6.83
11.22	13.23	66.8	14.95	6.95
11.33	13.35	67.38	15.35	7.09
11.47	13.74	68.93	15.7	6.96
11.52	13.67	68.7	15.85	6.83
11.48	13.69	68.02	15.74	6.77
11.27	13.66	67.29	15.25	6.59
11.27	13.62	68.12	15.29	6.64
11.36	13.67	67.35	15.87	6.61
11.14	13.56	66.97	15.54	6.35
11.05	13.66	66.06	15.77	6.33
11.69	14.08	68.39	17.35	6.61
12.07	14.12	69.25	18.64	7.07
12.39	14.21	69.52	20.5	7.03
12.94	14.4	70.46	20.39	7.06
12.75	14.27	70.36	20.68	6.96
12.55	14.17	70.29	20.86	7.03
12.4	14.09	70.89	20.16	6.84
12.24	13.9	70.2	20.26	6.69
12.34	14	70.07	19.9	6.71
12.5	14	71.84	20.2	6.69
12.42	14.67	72.3	20.78	6.65
12.5	14.5	72	21.07	6.83
12.55	14.49	71.1	20.53	6.82
12.45	14.37	71.05	20.1	6.68
12.28	14.5	70.1	20.29	6.65
12.32	14.56	70.36	20.09	6.66
12.23	14.5	70.45	19.89	6.62
11.73	14.26	69	17.9	6.23
11.74	15.07	67.68	17.63	6.22
11.75	16.58	68.28	17.77	6.21
12.51	18.24	71.28	18.82	6.4
12.45	19.15	70.28	18.74	6.41
12.12	18.98	70.49	18.24	6.24
12.15	18.02	72	17.9	6.26
11.96	17.77	72.46	17.64	6.11
11.99	19.55	72.4	17.79	6.12
11.96	19.54	72.83	17.82	6.06
11.83	19.9	71.5	17.85	6.04
12.07	20.08	73.48	19.45	6.22
11.92	21.08	73.17	18.72	6.15
11.89	20.19	71.78	18.62	6.24
12.07	22.21	72.92	19.06	6.31
12.23	24.43	74.07	18.86	6.28
12.51	24.43	79.34	19.63	6.38
12.43	24.43	78.6	19.93	6.36
12.48	24.43	77.2	21.15	6.28
12.34	24.43	75.94	20.63	6.23
12.41	24.43	76.09	20.79	6.25
11.98	24.43	74.35	19.56	6.28
12.09	24.43	74.35	19.81	6.21
12.1	24.43	74.4	19.7	6.32
11.99	24.43	72.62	19.35	6.18
